-198.000000 
0.000000 
0.000000 
-190.463795 
0.000000 
-54.106773 
-190.463795 
0.000000 
54.106773 
-188.309191 
-52.047381 
-32.167050 
-188.309191 
-52.047381 
32.167050 
-188.309191 
52.047381 
-32.167050 
-188.309191 
52.047381 
32.167050 
-168.428860 
0.000000 
-104.094760 
-168.428860 
0.000000 
104.094760 
-170.808359 
-51.458598 
-85.909935 
-170.808359 
-51.458598 
85.909935 
-170.808359 
51.458598 
-85.909935 
-170.808359 
51.458598 
85.909935 
-160.185364 
-99.000000 
-61.185364 
-168.428860 
-104.094760 
0.000000 
-160.185364 
-99.000000 
61.185364 
-160.185364 
99.000000 
-61.185364 
-168.428860 
104.094760 
0.000000 
-160.185364 
99.000000 
61.185364 
-139.005195 
-31.803164 
-137.368535 
-139.005195 
-31.803164 
137.368535 
-139.005195 
31.803164 
-137.368535 
-139.005195 
31.803164 
137.368535 
-137.368535 
-139.005195 
-31.803164 
-137.368535 
-139.005195 
31.803164 
-137.368535 
139.005195 
-31.803164 
-137.368535 
139.005195 
31.803164 
-136.261810 
-84.214429 
-116.381480 
-136.261810 
-84.214429 
116.381480 
-136.261810 
84.214429 
-116.381480 
-136.261810 
84.214429 
116.381480 
-116.381480 
-136.261810 
-84.214429 
-116.381480 
-136.261810 
84.214429 
-116.381480 
136.261810 
-84.214429 
-116.381480 
136.261810 
84.214429 
-104.094760 
-168.428860 
0.000000 
-104.094760 
168.428860 
0.000000 
-99.000000 
-61.185364 
-160.185364 
-99.000000 
-61.185364 
160.185364 
-104.094760 
0.000000 
-168.428860 
-104.094760 
0.000000 
168.428860 
-99.000000 
61.185364 
-160.185364 
-99.000000 
61.185364 
160.185364 
-85.909935 
-170.808359 
-51.458598 
-85.909935 
-170.808359 
51.458598 
-85.909935 
170.808359 
-51.458598 
-85.909935 
170.808359 
51.458598 
-84.214429 
-116.381480 
-136.261810 
-84.214429 
-116.381480 
136.261810 
-84.214429 
116.381480 
-136.261810 
-84.214429 
116.381480 
136.261810 
-61.185364 
-160.185364 
-99.000000 
-61.185364 
-160.185364 
99.000000 
-61.185364 
160.185364 
-99.000000 
-61.185364 
160.185364 
99.000000 
-54.106773 
-190.463795 
0.000000 
-54.106773 
190.463795 
0.000000 
-51.458598 
-85.909935 
-170.808359 
-51.458598 
-85.909935 
170.808359 
-52.047381 
-32.167050 
-188.309191 
-52.047381 
-32.167050 
188.309191 
-52.047381 
32.167050 
-188.309191 
-52.047381 
32.167050 
188.309191 
-51.458598 
85.909935 
-170.808359 
-51.458598 
85.909935 
170.808359 
-32.167050 
-188.309191 
-52.047381 
-32.167050 
-188.309191 
52.047381 
-31.803164 
-137.368535 
-139.005195 
-31.803164 
-137.368535 
139.005195 
-31.803164 
137.368535 
-139.005195 
-31.803164 
137.368535 
139.005195 
-32.167050 
188.309191 
-52.047381 
-32.167050 
188.309191 
52.047381 
0.000000 
-198.000000 
0.000000 
0.000000 
-168.428860 
-104.094760 
0.000000 
-168.428860 
104.094760 
0.000000 
-104.094760 
-168.428860 
0.000000 
-104.094760 
168.428860 
0.000000 
-54.106773 
-190.463795 
0.000000 
-54.106773 
190.463795 
0.000000 
0.000000 
-198.000000 
0.000000 
0.000000 
198.000000 
0.000000 
54.106773 
-190.463795 
0.000000 
54.106773 
190.463795 
0.000000 
104.094760 
-168.428860 
0.000000 
104.094760 
168.428860 
0.000000 
168.428860 
-104.094760 
0.000000 
168.428860 
104.094760 
0.000000 
198.000000 
0.000000 
32.167050 
-188.309191 
-52.047381 
32.167050 
-188.309191 
52.047381 
31.803164 
-137.368535 
-139.005195 
31.803164 
-137.368535 
139.005195 
31.803164 
137.368535 
-139.005195 
31.803164 
137.368535 
139.005195 
32.167050 
188.309191 
-52.047381 
32.167050 
188.309191 
52.047381 
51.458598 
-85.909935 
-170.808359 
51.458598 
-85.909935 
170.808359 
52.047381 
-32.167050 
-188.309191 
52.047381 
-32.167050 
188.309191 
52.047381 
32.167050 
-188.309191 
52.047381 
32.167050 
188.309191 
51.458598 
85.909935 
-170.808359 
51.458598 
85.909935 
170.808359 
54.106773 
-190.463795 
0.000000 
54.106773 
190.463795 
0.000000 
61.185364 
-160.185364 
-99.000000 
61.185364 
-160.185364 
99.000000 
61.185364 
160.185364 
-99.000000 
61.185364 
160.185364 
99.000000 
84.214429 
-116.381480 
-136.261810 
84.214429 
-116.381480 
136.261810 
84.214429 
116.381480 
-136.261810 
84.214429 
116.381480 
136.261810 
85.909935 
-170.808359 
-51.458598 
85.909935 
-170.808359 
51.458598 
85.909935 
170.808359 
-51.458598 
85.909935 
170.808359 
51.458598 
99.000000 
-61.185364 
-160.185364 
99.000000 
-61.185364 
160.185364 
104.094760 
0.000000 
-168.428860 
104.094760 
0.000000 
168.428860 
99.000000 
61.185364 
-160.185364 
99.000000 
61.185364 
160.185364 
104.094760 
-168.428860 
0.000000 
104.094760 
168.428860 
0.000000 
116.381480 
-136.261810 
-84.214429 
116.381480 
-136.261810 
84.214429 
116.381480 
136.261810 
-84.214429 
116.381480 
136.261810 
84.214429 
136.261810 
-84.214429 
-116.381480 
136.261810 
-84.214429 
116.381480 
136.261810 
84.214429 
-116.381480 
136.261810 
84.214429 
116.381480 
137.368535 
-139.005195 
-31.803164 
137.368535 
-139.005195 
31.803164 
137.368535 
139.005195 
-31.803164 
137.368535 
139.005195 
31.803164 
139.005195 
-31.803164 
-137.368535 
139.005195 
-31.803164 
137.368535 
139.005195 
31.803164 
-137.368535 
139.005195 
31.803164 
137.368535 
160.185364 
-99.000000 
-61.185364 
168.428860 
-104.094760 
0.000000 
160.185364 
-99.000000 
61.185364 
160.185364 
99.000000 
-61.185364 
168.428860 
104.094760 
0.000000 
160.185364 
99.000000 
61.185364 
170.808359 
-51.458598 
-85.909935 
170.808359 
-51.458598 
85.909935 
170.808359 
51.458598 
-85.909935 
170.808359 
51.458598 
85.909935 
168.428860 
0.000000 
-104.094760 
168.428860 
0.000000 
104.094760 
188.309191 
-52.047381 
-32.167050 
188.309191 
-52.047381 
32.167050 
188.309191 
52.047381 
-32.167050 
188.309191 
52.047381 
32.167050 
190.463795 
0.000000 
-54.106773 
190.463795 
0.000000 
54.106773 
198.000000 
0.000000 
0.000000 
