-297.000000 
0.000000 
0.000000 
-285.695693 
0.000000 
-81.160159 
-285.695693 
0.000000 
81.160159 
-282.463786 
-78.071071 
-48.250575 
-282.463786 
-78.071071 
48.250575 
-282.463786 
78.071071 
-48.250575 
-282.463786 
78.071071 
48.250575 
-252.643291 
0.000000 
-156.142140 
-252.643291 
0.000000 
156.142140 
-256.212539 
-77.187897 
-128.864902 
-256.212539 
-77.187897 
128.864902 
-256.212539 
77.187897 
-128.864902 
-256.212539 
77.187897 
128.864902 
-240.278046 
-148.500000 
-91.778046 
-252.643291 
-156.142140 
0.000000 
-240.278046 
-148.500000 
91.778046 
-240.278046 
148.500000 
-91.778046 
-252.643291 
156.142140 
0.000000 
-240.278046 
148.500000 
91.778046 
-208.507793 
-47.704746 
-206.052803 
-208.507793 
-47.704746 
206.052803 
-208.507793 
47.704746 
-206.052803 
-208.507793 
47.704746 
206.052803 
-206.052803 
-208.507793 
-47.704746 
-206.052803 
-208.507793 
47.704746 
-206.052803 
208.507793 
-47.704746 
-206.052803 
208.507793 
47.704746 
-204.392715 
-126.321644 
-174.572219 
-204.392715 
-126.321644 
174.572219 
-204.392715 
126.321644 
-174.572219 
-204.392715 
126.321644 
174.572219 
-174.572219 
-204.392715 
-126.321644 
-174.572219 
-204.392715 
126.321644 
-174.572219 
204.392715 
-126.321644 
-174.572219 
204.392715 
126.321644 
-156.142140 
-252.643291 
0.000000 
-156.142140 
252.643291 
0.000000 
-148.500000 
-91.778046 
-240.278046 
-148.500000 
-91.778046 
240.278046 
-156.142140 
0.000000 
-252.643291 
-156.142140 
0.000000 
252.643291 
-148.500000 
91.778046 
-240.278046 
-148.500000 
91.778046 
240.278046 
-128.864902 
-256.212539 
-77.187897 
-128.864902 
-256.212539 
77.187897 
-128.864902 
256.212539 
-77.187897 
-128.864902 
256.212539 
77.187897 
-126.321644 
-174.572219 
-204.392715 
-126.321644 
-174.572219 
204.392715 
-126.321644 
174.572219 
-204.392715 
-126.321644 
174.572219 
204.392715 
-91.778046 
-240.278046 
-148.500000 
-91.778046 
-240.278046 
148.500000 
-91.778046 
240.278046 
-148.500000 
-91.778046 
240.278046 
148.500000 
-81.160159 
-285.695693 
0.000000 
-81.160159 
285.695693 
0.000000 
-77.187897 
-128.864902 
-256.212539 
-77.187897 
-128.864902 
256.212539 
-78.071071 
-48.250575 
-282.463786 
-78.071071 
-48.250575 
282.463786 
-78.071071 
48.250575 
-282.463786 
-78.071071 
48.250575 
282.463786 
-77.187897 
128.864902 
-256.212539 
-77.187897 
128.864902 
256.212539 
-48.250575 
-282.463786 
-78.071071 
-48.250575 
-282.463786 
78.071071 
-47.704746 
-206.052803 
-208.507793 
-47.704746 
-206.052803 
208.507793 
-47.704746 
206.052803 
-208.507793 
-47.704746 
206.052803 
208.507793 
-48.250575 
282.463786 
-78.071071 
-48.250575 
282.463786 
78.071071 
0.000000 
-297.000000 
0.000000 
0.000000 
-252.643291 
-156.142140 
0.000000 
-252.643291 
156.142140 
0.000000 
-156.142140 
-252.643291 
0.000000 
-156.142140 
252.643291 
0.000000 
-81.160159 
-285.695693 
0.000000 
-81.160159 
285.695693 
0.000000 
0.000000 
-297.000000 
0.000000 
0.000000 
297.000000 
0.000000 
81.160159 
-285.695693 
0.000000 
81.160159 
285.695693 
0.000000 
156.142140 
-252.643291 
0.000000 
156.142140 
252.643291 
0.000000 
252.643291 
-156.142140 
0.000000 
252.643291 
156.142140 
0.000000 
297.000000 
0.000000 
48.250575 
-282.463786 
-78.071071 
48.250575 
-282.463786 
78.071071 
47.704746 
-206.052803 
-208.507793 
47.704746 
-206.052803 
208.507793 
47.704746 
206.052803 
-208.507793 
47.704746 
206.052803 
208.507793 
48.250575 
282.463786 
-78.071071 
48.250575 
282.463786 
78.071071 
77.187897 
-128.864902 
-256.212539 
77.187897 
-128.864902 
256.212539 
78.071071 
-48.250575 
-282.463786 
78.071071 
-48.250575 
282.463786 
78.071071 
48.250575 
-282.463786 
78.071071 
48.250575 
282.463786 
77.187897 
128.864902 
-256.212539 
77.187897 
128.864902 
256.212539 
81.160159 
-285.695693 
0.000000 
81.160159 
285.695693 
0.000000 
91.778046 
-240.278046 
-148.500000 
91.778046 
-240.278046 
148.500000 
91.778046 
240.278046 
-148.500000 
91.778046 
240.278046 
148.500000 
126.321644 
-174.572219 
-204.392715 
126.321644 
-174.572219 
204.392715 
126.321644 
174.572219 
-204.392715 
126.321644 
174.572219 
204.392715 
128.864902 
-256.212539 
-77.187897 
128.864902 
-256.212539 
77.187897 
128.864902 
256.212539 
-77.187897 
128.864902 
256.212539 
77.187897 
148.500000 
-91.778046 
-240.278046 
148.500000 
-91.778046 
240.278046 
156.142140 
0.000000 
-252.643291 
156.142140 
0.000000 
252.643291 
148.500000 
91.778046 
-240.278046 
148.500000 
91.778046 
240.278046 
156.142140 
-252.643291 
0.000000 
156.142140 
252.643291 
0.000000 
174.572219 
-204.392715 
-126.321644 
174.572219 
-204.392715 
126.321644 
174.572219 
204.392715 
-126.321644 
174.572219 
204.392715 
126.321644 
204.392715 
-126.321644 
-174.572219 
204.392715 
-126.321644 
174.572219 
204.392715 
126.321644 
-174.572219 
204.392715 
126.321644 
174.572219 
206.052803 
-208.507793 
-47.704746 
206.052803 
-208.507793 
47.704746 
206.052803 
208.507793 
-47.704746 
206.052803 
208.507793 
47.704746 
208.507793 
-47.704746 
-206.052803 
208.507793 
-47.704746 
206.052803 
208.507793 
47.704746 
-206.052803 
208.507793 
47.704746 
206.052803 
240.278046 
-148.500000 
-91.778046 
252.643291 
-156.142140 
0.000000 
240.278046 
-148.500000 
91.778046 
240.278046 
148.500000 
-91.778046 
252.643291 
156.142140 
0.000000 
240.278046 
148.500000 
91.778046 
256.212539 
-77.187897 
-128.864902 
256.212539 
-77.187897 
128.864902 
256.212539 
77.187897 
-128.864902 
256.212539 
77.187897 
128.864902 
252.643291 
0.000000 
-156.142140 
252.643291 
0.000000 
156.142140 
282.463786 
-78.071071 
-48.250575 
282.463786 
-78.071071 
48.250575 
282.463786 
78.071071 
-48.250575 
282.463786 
78.071071 
48.250575 
285.695693 
0.000000 
-81.160159 
285.695693 
0.000000 
81.160159 
297.000000 
0.000000 
0.000000 
