62.329647 
-11.527719 
428.313524 
-203.542486 
67.454357 
-309.099853 
-77.014002 
-238.805477 
70.881271 
63.065059 
-51.329089 
-378.089221 
-157.373332 
363.301134 
-63.694036 
-341.736864 
153.864242 
-233.590677 
313.269543 
-256.593975 
249.662156 
102.503007 
147.941553 
-200.229642 
139.664422 
-99.229382 
-294.756650 
1.874827 
-16.652882 
-276.966336 
-65.072092 
33.905494 
-477.899184 
-0.066616 
4.992385 
-264.266696 
-111.239404 
53.846275 
239.103217 
47.001076 
127.709313 
356.194062 
176.052784 
237.894602 
391.447061 
102.407040 
-58.889994 
-241.522331 
-124.223292 
234.889162 
-190.434924 
114.672818 
36.749274 
-378.652552 
48.187883 
-299.143238 
-167.558730 
270.686867 
86.346428 
245.210467 
171.650907 
101.603684 
-406.625775 
44.628411 
28.316323 
194.941409 
92.891559 
403.310138 
89.328891 
137.250171 
56.818656 
-307.903720 
210.375899 
-196.360071 
-79.155525 
-90.441860 
-110.365292 
267.929131 
50.852940 
-193.878089 
-66.731628 
-33.945074 
242.414072 
147.990405 
31.769034 
0.442656 
376.485460 
-170.036336 
150.878530 
42.699796 
-8.039734 
-13.187988 
-199.033297 
-85.394903 
-187.757118 
-36.929736 
61.322166 
-7.474909 
-340.933298 
-76.199269 
318.132853 
179.985626 
124.580034 
53.474711 
-146.767485 
-117.376665 
-15.723855 
284.641456 
9.020422 
-92.715726 
350.539094 
-56.399237 
-172.864163 
-201.251204 
-262.731006 
-263.938260 
-175.546343 
-45.167553 
-21.608937 
196.580524 
314.011766 
-198.734182 
228.937110 
241.254723 
261.791260 
-146.509809 
14.866950 
301.156949 
305.065326 
33.645574 
110.637659 
398.085563 
-11.489776 
6.303012 
-487.271440 
-99.570378 
-178.379996 
272.529106 
-108.733687 
-113.956849 
452.109216 
119.826604 
91.225765 
-162.812859 
328.711550 
-37.793767 
-117.052592 
208.854675 
38.398963 
379.711967 
9.373018 
-16.387879 
-341.029104 
-10.901365 
120.491628 
471.928740 
110.747611 
-232.367779 
230.651062 
161.789427 
67.532427 
96.346146 
196.119412 
-348.719238 
241.128768 
-23.440410 
136.542291 
374.932916 
-59.423308 
18.326672 
249.425416 
170.414995 
62.052715 
-80.863259 
-107.367862 
40.987893 
182.119624 
-18.521372 
-350.350518 
150.156591 
-5.176702 
-205.491333 
211.058604 
185.860136 
25.332380 
267.465825 
20.617597 
46.281259 
-333.469374 
1.343189 
0.129453 
320.347919 
189.747697 
-86.847752 
57.481870 
-304.855000 
129.125169 
-184.914759 
-31.741577 
-15.730183 
280.104008 
172.321129 
244.225541 
-34.411040 
-115.464646 
220.124645 
-187.953470 
219.668689 
-213.030287 
-35.148963 
-91.723947 
-237.729544 
351.691643 
-209.625448 
270.130395 
-75.434080 
175.466360 
185.643373 
106.249088 
246.720944 
-195.603877 
-171.902379 
-62.460803 
230.147362 
-10.980613 
-285.790990 
-234.192844 
298.519468 
246.643574 
-178.768025 
107.369627 
319.923901 
12.627869 
195.399673 
-10.060921 
137.817926 
193.097305 
17.583026 
-42.376580 
-298.771563 
-61.069430 
104.238480 
210.161312 
-242.332542 
-112.624550 
-8.856458 
-161.134717 
113.064057 
-127.038372 
206.540685 
-315.105488 
166.720626 
68.565609 
97.560497 
373.832523 
-165.139738 
-98.314068 
213.724320 
-67.770531 
53.080384 
-263.422216 
131.147658 
-237.310828 
-308.040525 
-28.215388 
19.127130 
-372.370430 
-33.957802 
-478.706781 
-13.455498 
139.653518 
392.322376 
172.285901 
-131.124819 
228.884903 
-139.290626 
165.496282 
250.877977 
145.959947 
-186.294582 
81.032493 
-243.900592 
-439.023660 
-84.101588 
-173.429083 
117.969320 
387.733178 
25.924033 
-2.751877 
-120.598214 
360.172479 
-168.401198 
-71.737096 
235.166298 
-225.382285 
-11.680954 
296.952084 
-314.819740 
-248.467067 
4.931303 
-159.084782 
59.988216 
112.178788 
84.241309 
-30.214703 
-191.374417 
70.494083 
244.009800 
-173.980619 
-45.338051 
259.189309 
-193.347675 
-13.960473 
-202.295821 
-280.573815 
305.704207 
95.240186 
-172.706464 
43.879458 
-40.862508 
-306.687095 
174.370196 
179.448174 
-24.747383 
73.478263 
2.288438 
415.209434 
-17.471072 
146.048557 
-397.718980 
57.344236 
-29.048668 
207.314898 
-445.421286 
-149.639361 
-132.702297 
63.479555 
-352.266030 
97.182580 
-177.982759 
-161.350696 
-225.760854 
-130.510206 
73.500958 
397.896697 
-206.794875 
-209.844606 
386.865462 
-92.211267 
-38.089710 
-296.562278 
104.933307 
-164.793441 
-247.092444 
-231.154311 
-204.732014 
2.347153 
244.227083 
-366.722555 
-4.052507 
206.329460 
105.975226 
22.608927 
-110.470055 
127.955435 
-252.084209 
3.307898 
44.117297 
330.748022 
270.510478 
42.848332 
54.234492 
403.053194 
-166.614831 
-137.832874 
-295.605677 
-324.153193 
-215.374646 
148.846223 
-180.183983 
-115.989076 
-250.466289 
146.535042 
308.003687 
-15.287365 
475.188191 
78.707782 
122.518859 
-278.166925 
-332.486381 
251.303053 
227.897175 
-254.225497 
357.867062 
87.868094 
-254.532816 
373.018311 
-285.548849 
96.551930 
128.743758 
-202.768446 
399.777439 
-65.668361 
-383.566890 
141.357107 
246.653646 
204.741143 
90.928641 
-57.278780 
248.553084 
242.508965 
161.593253 
-438.363017 
91.909924 
-157.453675 
-135.110632 
286.453437 
148.428709 
-186.621181 
89.498853 
-19.951634 
66.426344 
217.954164 
-323.187251 
15.199278 
-60.700634 
17.249985 
8.445597 
367.573637 
17.757653 
-74.654828 
-206.984788 
314.818406 
-162.582305 
31.121695 
-3.760800 
10.493819 
487.534715 
-91.386403 
108.536158 
217.021702 
-194.552706 
-107.697350 
51.928619 
-2.547740 
130.494747 
429.534911 
-255.340628 
-65.460290 
-63.962258 
-107.488927 
-173.248382 
-112.494083 
-72.277599 
12.308443 
-388.986884 
161.315089 
-75.053350 
-308.147610 
256.825685 
194.007009 
288.752159 
13.361055 
-2.191426 
352.844892 
113.568742 
1.856304 
-396.661301 
-22.214614 
-12.204356 
274.160501 
-160.645905 
241.602758 
-333.877817 
-88.471602 
159.877947 
351.062737 
75.403667 
-71.861978 
215.573118 
-38.664329 
5.365164 
-349.053898 
-208.848008 
212.141642 
-344.722435 
10.836820 
154.066687 
-160.245752 
27.651092 
-81.305684 
-298.921564 
-267.170184 
62.413330 
20.981943 
145.821150 
-54.333807 
-270.845910 
7.996969 
-293.367337 
370.596437 
-282.903127 
-226.259731 
-104.079754 
363.780852 
137.547850 
-52.270029 
-257.147113 
118.098440 
24.990404 
-246.920965 
237.486039 
303.909704 
222.533542 
-178.047263 
-214.718657 
50.316419 
160.344754 
-199.667554 
63.247024 
-56.250131 
-179.454900 
33.277455 
72.185839 
-304.623869 
-145.254491 
-98.004489 
-330.792768 
133.149913 
49.090014 
-453.412256 
12.270387 
-211.691788 
-277.133053 
-392.499585 
209.563785 
-164.938053 
-13.934553 
73.527447 
391.142779 
183.101412 
447.964133 
-4.796655 
51.912586 
-214.737527 
53.938735 
34.896164 
-166.694686 
107.438414 
-53.516512 
-97.488558 
222.894418 
-340.732454 
-114.678279 
74.590634 
172.141470 
-340.222820 
50.642678 
239.916577 
-8.885544 
386.370977 
-1.036769 
-279.614389 
111.902973 
88.679161 
-10.522586 
-386.230942 
-187.394056 
310.566127 
94.223995 
-142.771746 
34.754809 
294.693693 
365.648040 
-99.554162 
150.379328 
120.994047 
178.619313 
389.920636 
100.065058 
-316.829055 
49.003457 
26.645974 
6.686899 
-444.145416 
-69.367535 
-165.226501 
-244.515674 
-97.369521 
163.023439 
-169.217695 
-37.734394 
97.039397 
171.722779 
-54.014471 
270.719466 
55.387471 
49.895799 
7.984265 
-238.416647 
38.186154 
388.067596 
-127.686927 
-23.678380 
-27.042408 
-249.501213 
-65.982953 
179.069693 
336.428000 
4.589273 
5.724041 
-283.021901 
-363.171324 
-175.789641 
-3.394941 
-361.323512 
245.885082 
223.407849 
2.911371 
143.321885 
400.790565 
70.256093 
-340.332418 
196.390442 
149.202007 
-349.353579 
-38.287727 
107.122037 
-8.181943 
238.590246 
-57.054628 
-125.619314 
360.209459 
-140.695326 
-237.797994 
-51.492414 
-247.229361 
-45.505727 
257.249345 
228.013838 
-104.750246 
37.559880 
208.210005 
204.859885 
50.148221 
106.467275 
-131.084479 
-288.564788 
-11.504678 
9.468669 
-222.209992 
-68.712419 
-211.899051 
-260.059141 
190.525368 
-89.576629 
390.299363 
176.838571 
277.762092 
-92.528507 
282.155301 
61.760521 
142.970292 
157.046232 
-23.802499 
-138.715289 
291.712147 
-3.357490 
205.103001 
-38.401047 
197.825854 
-18.679400 
98.025435 
-198.231049 
222.768278 
113.321861 
318.910596 
360.549647 
-99.386380 
61.994723 
264.552383 
-230.996182 
115.484967 
-166.677303 
14.574547 
123.526446 
-376.218624 
-29.222643 
-295.699808 
27.228134 
-336.724796 
-213.489743 
-74.142902 
-240.908617 
-38.574232 
-300.023508 
77.810509 
-6.319284 
268.717986 
-69.932896 
98.353799 
-459.620937 
227.829739 
-292.106917 
-151.069555 
-182.060926 
314.167801 
-295.109275 
27.507569 
-105.319698 
-401.497530 
245.836039 
38.687136 
141.240604 
-39.617030 
-399.736989 
-6.682358 
-61.959632 
58.013783 
-424.397926 
-20.581185 
142.476142 
386.706336 
-29.426703 
379.911989 
27.533979 
-258.652732 
-2.184371 
143.566735 
49.526421 
137.313717 
-201.769570 
-340.387570 
-37.334373 
-62.632111 
-102.281819 
38.821580 
-181.223234 
131.635957 
-287.579977 
-187.963328 
-3.965689 
-159.593911 
-214.206486 
-200.909173 
-175.434258 
-175.889969 
239.563537 
66.385604 
-311.777098 
-115.742397 
-240.849886 
-290.206460 
-274.265958 
114.219779 
140.315061 
0.648474 
-7.048044 
-369.491086 
101.490094 
-350.457645 
173.654413 
-2.182204 
1.608811 
-386.527329 
442.508403 
-147.162771 
94.387994 
176.413258 
312.105834 
-144.523119 
-76.056943 
-208.719045 
113.318177 
-152.440123 
-181.437099 
196.849414 
228.382080 
242.645167 
-74.444865 
136.021036 
117.087017 
-144.513960 
-204.260233 
82.591965 
246.188247 
-153.233711 
-63.896309 
-444.093106 
236.498313 
15.422889 
-417.501547 
-167.027706 
287.261074 
260.640662 
-18.190027 
6.826771 
351.284521 
-9.460305 
-284.957193 
289.352611 
419.690083 
-47.891204 
236.971729 
113.578857 
43.838293 
254.580663 
32.770402 
7.310196 
249.065154 
154.957051 
-275.517119 
169.194792 
247.867970 
308.892642 
-217.393280 
12.801187 
28.255684 
-358.797681 
-14.741352 
241.914713 
91.351164 
-141.758747 
261.491730 
-249.989669 
-10.730682 
-172.596731 
177.787407 
131.247746 
273.669403 
6.821458 
242.539552 
361.736183 
208.509314 
35.714619 
209.163768 
-244.979272 
-230.078504 
-66.006709 
-135.947650 
-354.620847 
-65.770059 
-105.007751 
-91.160971 
33.681283 
-280.387344 
126.518044 
202.252396 
-220.977135 
-66.522567 
-46.209570 
-224.263977 
-84.349989 
-86.772418 
-425.832258 
-230.669847 
95.081181 
420.695321 
353.357462 
56.255248 
-15.351551 
98.354153 
-33.748144 
-418.750313 
54.602926 
81.695155 
-443.611943 
-15.109723 
176.637636 
-346.743957 
-267.569578 
-64.312854 
137.165314 
251.930733 
336.576265 
-7.629031 
-96.041309 
55.244746 
208.061234 
164.317725 
-41.939357 
-158.018870 
217.687759 
-258.761520 
-64.504500 
9.458081 
-17.201189 
-214.561500 
251.210922 
-85.697843 
-54.866238 
165.324173 
-179.416437 
398.352921 
-157.928570 
-106.068568 
442.026000 
-244.312103 
-206.781109 
-16.434754 
