1.054651 
1.054795 
1.058793 
1.058564 
1.059059 
1.053824 
1.058003 
1.066068 
1.065894 
1.065775 
1.068731 
1.057590 
1.066121 
1.079480 
1.066807 
1.077960 
1.054674 
1.058662 
1.065983 
1.090328 
1.081370 
1.072484 
1.081190 
1.112333 
1.070323 
1.051039 
1.064583 
1.103556 
1.076957 
1.063100 
1.079097 
1.152659 
1.061789 
1.050496 
1.074470 
1.065219 
1.069472 
1.141968 
1.077354 
1.090058 
1.097975 
1.068525 
1.090402 
1.119813 
1.049160 
1.066068 
1.082536 
1.224529 
1.060715 
1.068672 
1.084960 
1.284397 
1.048771 
1.075898 
1.082250 
1.055699 
1.082997 
1.249147 
1.069418 
1.158370 
1.085060 
1.113718 
1.095113 
1.087871 
1.091529 
1.131654 
1.039542 
1.334867 
1.054593 
1.095047 
1.091415 
1.085103 
1.107406 
1.066143 
1.238244 
1.049694 
1.378701 
1.062924 
1.282975 
1.070880 
1.182048 
1.089651 
1.143534 
1.101854 
1.122328 
1.099228 
1.100194 
1.083895 
1.109389 
1.144460 
1.050507 
1.338639 
1.054814 
1.131534 
1.091473 
1.106449 
1.101665 
1.464088 
1.056347 
1.317324 
1.078785 
1.213753 
1.108091 
1.179058 
1.096689 
1.093999 
1.112277 
1.231436 
1.051949 
1.134975 
1.089799 
1.334347 
1.046537 
1.178325 
1.083025 
1.148180 
1.065015 
1.126408 
1.091874 
1.271852 
1.062505 
1.218547 
1.082539 
1.207026 
1.089656 
1.100899 
1.099033 
1.185755 
1.053534 
1.130143 
1.084438 
1.144203 
1.056423 
1.130073 
1.078847 
1.124221 
1.084226 
1.097369 
1.090003 
1.141841 
1.073089 
1.140529 
1.080975 
1.104088 
1.090862 
1.082742 
1.092466 
1.088340 
1.084107 
1.091691 
1.075292 
1.089219 
1.076944 
1.093149 
1.075312 
1.069833 
1.068245 
1.081369 
1.079995 
1.074836 
1.070893 
1.073116 
1.056735 
1.057563 
1.062278 
1.058642 
1.062603 
1.055432 
1.059521 
1.064528 
1.074572 
1.071642 
1.072743 
1.058013 
1.072962 
1.082425 
1.071376 
1.083670 
1.054876 
1.059316 
1.069120 
1.086917 
1.087683 
1.070778 
1.089279 
1.105724 
1.064107 
1.052045 
1.067771 
1.105487 
1.082684 
1.062166 
1.087283 
1.236944 
1.061458 
1.052087 
1.074179 
1.058991 
1.072044 
1.144526 
1.082488 
1.090272 
1.096280 
1.071317 
1.088413 
1.116407 
1.047567 
1.066786 
1.088034 
1.259054 
1.060745 
1.067683 
1.085968 
1.201495 
1.048407 
1.077731 
1.088185 
1.050116 
1.083106 
1.269815 
1.068422 
1.167199 
1.085816 
1.115626 
1.092561 
1.089538 
1.092934 
1.111761 
1.044494 
1.307745 
1.053903 
1.098155 
1.090543 
1.085090 
1.111724 
1.059399 
1.219385 
1.047641 
1.378936 
1.061935 
1.284977 
1.072229 
1.186240 
1.086919 
1.149460 
1.099319 
1.126781 
1.096312 
1.098689 
1.083766 
1.109099 
1.119265 
1.044761 
1.314377 
1.053149 
1.136839 
1.093271 
1.109889 
1.095345 
1.454474 
1.054844 
1.308452 
1.081340 
1.216688 
1.109503 
1.179084 
1.095981 
1.074881 
1.106451 
1.203757 
1.049039 
1.141871 
1.085848 
1.315358 
1.047362 
1.177365 
1.081113 
1.136551 
1.056496 
1.119525 
1.088062 
1.264695 
1.064604 
1.212696 
1.083037 
1.198187 
1.085383 
1.094098 
1.096399 
1.176908 
1.050111 
1.124179 
1.084415 
1.146689 
1.060614 
1.125431 
1.080322 
1.118733 
1.072860 
1.094553 
1.085573 
1.142506 
1.073247 
1.137827 
1.080606 
1.113399 
1.093614 
1.072141 
1.091697 
1.087503 
1.086620 
1.097737 
1.073835 
1.088709 
1.080684 
1.093893 
1.077106 
1.072615 
1.072162 
1.078679 
1.082554 
1.076820 
1.075476 
1.072995 
1.058689 
1.059434 
1.067297 
1.060204 
1.070360 
1.055984 
1.066028 
1.062997 
1.081977 
1.074082 
1.081822 
1.057342 
1.079674 
1.098074 
1.084421 
1.089988 
1.052575 
1.060530 
1.074154 
1.086318 
1.099853 
1.073287 
1.093146 
1.091607 
1.061784 
1.052426 
1.068040 
1.110574 
1.083102 
1.062571 
1.094498 
1.236481 
1.060744 
1.054092 
1.075615 
1.054336 
1.070019 
1.146793 
1.084159 
1.092743 
1.098721 
1.068529 
1.093983 
1.105942 
1.046326 
1.064717 
1.091873 
1.281129 
1.062371 
1.069924 
1.088556 
1.184561 
1.051547 
1.076624 
1.086482 
1.054980 
1.080179 
1.282264 
1.069154 
1.174114 
1.090372 
1.113513 
1.094321 
1.088754 
1.096251 
1.101966 
1.046894 
1.277792 
1.055112 
1.099332 
1.088967 
1.085064 
1.111053 
1.054034 
1.187848 
1.047221 
1.375300 
1.062066 
1.281097 
1.069086 
1.182250 
1.089831 
1.146886 
1.101138 
1.126491 
1.093609 
1.101468 
1.084029 
1.110328 
1.101215 
1.041830 
1.282571 
1.052188 
1.139128 
1.090387 
1.112178 
1.092390 
1.438680 
1.052306 
1.295129 
1.077844 
1.214979 
1.107415 
1.178116 
1.097378 
1.060221 
1.101464 
1.177614 
1.046667 
1.138294 
1.084095 
1.296925 
1.045241 
1.176344 
1.082092 
1.121014 
1.052179 
1.118536 
1.084453 
1.259405 
1.067320 
1.210459 
1.086324 
1.198283 
1.085524 
1.076593 
1.094435 
1.171999 
1.046375 
1.123803 
1.084412 
1.152393 
1.059507 
1.129970 
1.082028 
1.115310 
1.068582 
1.094530 
1.088593 
1.143712 
1.076587 
1.139541 
1.079719 
1.124844 
1.092169 
1.065460 
1.092484 
1.087830 
1.087104 
1.103410 
1.072611 
1.091386 
1.082429 
1.098763 
1.074985 
1.077498 
1.080317 
1.080352 
1.085022 
1.081379 
1.080399 
1.074132 
1.063949 
1.062210 
1.074072 
1.064192 
1.075940 
1.058284 
1.070437 
1.063541 
1.091048 
1.075056 
1.089474 
1.056046 
1.084039 
1.142648 
1.085879 
1.092476 
1.055023 
1.061809 
1.079942 
1.085798 
1.104038 
1.071212 
1.098732 
1.084736 
1.068460 
1.054111 
1.068627 
1.112640 
1.084042 
1.062638 
1.095572 
1.195871 
1.060179 
1.052060 
1.080689 
1.043551 
1.071808 
1.149731 
1.088369 
1.090871 
1.099811 
1.067996 
1.097067 
1.096895 
1.051819 
1.065575 
1.091203 
1.263272 
1.064573 
1.067477 
1.092863 
1.172757 
1.049422 
1.075446 
1.089152 
1.059256 
1.081446 
1.287601 
1.072670 
1.168407 
1.091145 
1.110379 
1.096158 
1.086767 
1.094792 
1.087747 
1.048553 
1.246335 
1.055492 
1.098482 
1.091780 
1.083654 
1.110136 
1.049945 
1.158569 
1.049228 
1.363551 
1.063902 
1.278320 
1.070616 
1.173016 
1.093826 
1.139621 
1.102288 
1.124793 
1.099053 
1.104143 
1.085636 
1.108954 
1.089078 
1.042655 
1.248517 
1.052220 
1.138276 
1.089820 
1.108407 
1.086083 
1.420036 
1.052937 
1.283568 
1.073609 
1.213128 
1.107122 
1.176259 
1.096272 
1.051032 
1.100261 
1.160867 
1.047619 
1.136001 
1.083565 
1.274636 
1.043999 
1.176116 
1.084573 
1.108403 
1.045816 
1.119940 
1.084549 
1.259157 
1.067726 
1.214620 
1.089569 
1.202352 
1.085247 
1.068865 
1.093778 
1.163427 
1.045137 
1.125931 
1.084066 
1.157682 
1.060128 
1.134500 
1.081674 
1.109535 
1.060177 
1.095482 
1.087887 
1.148558 
1.079676 
1.144291 
1.080912 
1.135697 
1.091278 
1.067198 
1.094330 
1.086660 
1.089630 
1.106113 
1.075720 
1.096197 
1.084359 
1.102721 
1.076598 
1.086885 
1.080352 
1.081475 
1.087404 
1.082525 
1.080957 
1.076648 
1.067422 
1.063329 
1.075781 
1.070493 
1.079218 
1.060691 
1.071898 
1.063076 
1.095749 
1.081949 
1.095974 
1.057772 
1.087606 
1.194261 
1.083767 
1.095076 
1.054855 
1.063165 
1.082883 
1.086601 
1.105101 
1.071207 
1.101216 
1.078849 
1.070389 
1.056191 
1.068784 
1.116832 
1.085182 
1.064675 
1.099723 
1.140894 
1.062581 
1.051644 
1.084870 
1.052250 
1.070453 
1.154017 
1.088683 
1.090534 
1.102188 
1.066864 
1.100349 
1.080645 
1.055539 
1.065225 
1.090917 
1.244737 
1.067817 
1.065979 
1.094563 
1.153421 
1.053008 
1.078342 
1.093986 
1.055810 
1.081396 
1.288602 
1.075970 
1.164124 
1.091619 
1.108058 
1.101830 
1.082773 
1.093480 
1.075229 
1.046971 
1.217115 
1.058432 
1.097417 
1.092951 
1.082646 
1.109554 
1.046039 
1.138476 
1.050216 
1.361501 
1.065252 
1.278045 
1.073310 
1.167150 
1.096761 
1.135676 
1.103154 
1.122922 
1.103857 
1.104276 
1.087057 
1.107066 
1.080465 
1.045228 
1.225208 
1.049898 
1.135012 
1.089528 
1.107427 
1.085598 
1.413675 
1.053922 
1.277314 
1.073496 
1.208872 
1.108315 
1.173168 
1.099383 
1.049098 
1.099700 
1.148599 
1.049240 
1.132043 
1.082527 
1.258243 
1.045778 
1.174082 
1.085005 
1.100574 
1.048960 
1.124105 
1.082800 
1.264897 
1.068966 
1.222900 
1.085512 
1.208352 
1.087063 
1.062704 
1.094292 
1.160249 
1.045416 
1.129539 
1.084905 
1.165113 
1.059727 
1.138761 
1.083186 
1.105534 
1.058492 
1.096763 
1.087069 
1.152527 
1.079608 
1.149361 
1.080086 
1.136901 
1.083032 
1.069529 
1.096876 
1.087198 
1.088614 
1.107609 
1.075053 
1.098126 
1.083189 
1.104179 
1.077388 
1.088574 
1.081271 
1.083482 
1.087954 
1.084060 
1.083735 
1.077815 
1.070517 
1.066769 
1.080877 
1.078203 
1.084682 
1.062638 
1.072438 
1.065399 
1.099901 
1.085439 
1.101124 
1.057977 
1.089762 
1.179084 
1.090133 
1.099297 
1.053936 
1.063545 
1.083233 
1.085007 
1.104058 
1.068514 
1.100556 
1.071435 
1.075934 
1.057864 
1.067970 
1.113721 
1.088029 
1.064432 
1.100818 
1.119984 
1.065894 
1.053200 
1.088423 
1.061206 
1.069415 
1.153017 
1.089728 
1.091387 
1.102105 
1.066560 
1.104272 
1.067166 
1.055398 
1.064419 
1.088605 
1.215862 
1.070803 
1.063302 
1.096330 
1.126825 
1.055828 
1.074294 
1.098888 
1.053233 
1.083534 
1.286415 
1.075377 
1.156330 
1.090660 
1.104059 
1.100669 
1.077838 
1.096387 
1.065629 
1.047172 
1.187135 
1.059067 
1.093160 
1.097342 
1.081473 
1.105753 
1.047945 
1.110239 
1.050693 
1.347855 
1.064736 
1.268850 
1.073636 
1.164225 
1.095139 
1.126499 
1.105746 
1.119311 
1.104447 
1.101693 
1.085830 
1.104419 
1.068658 
1.051045 
1.207983 
1.048630 
1.130697 
1.091138 
1.107461 
1.084838 
1.402476 
1.052296 
1.275717 
1.074129 
1.195837 
1.110676 
1.168963 
1.100702 
1.049807 
1.098624 
1.133250 
1.050407 
1.130800 
1.082742 
1.234716 
1.045841 
1.172941 
1.086711 
1.085704 
1.050509 
1.125649 
1.083732 
1.276605 
1.067245 
1.235831 
1.087093 
1.216737 
1.087267 
1.058636 
1.094970 
1.144059 
1.046469 
1.136774 
1.083953 
1.168782 
1.061058 
1.144896 
1.082892 
1.088613 
1.053090 
1.097428 
1.087765 
1.157707 
1.079310 
1.155115 
1.082051 
1.130939 
1.070425 
1.065269 
1.099310 
1.087577 
1.090178 
1.109409 
1.073322 
1.102229 
1.083564 
1.106379 
1.077450 
1.089606 
1.080529 
1.081879 
1.089776 
1.085254 
1.084252 
1.079905 
1.071749 
1.070505 
1.081085 
1.078935 
1.083173 
1.063241 
1.073617 
1.065181 
1.097752 
1.088380 
1.103713 
1.059355 
1.086970 
1.154950 
1.094689 
1.099222 
1.054013 
1.064200 
1.083015 
1.085342 
1.101764 
1.070932 
1.100375 
1.073582 
1.079247 
1.058680 
1.065684 
1.117092 
1.088356 
1.062288 
1.099642 
1.116982 
1.065858 
1.053846 
1.089449 
1.059520 
1.068997 
1.142540 
1.085861 
1.089895 
1.102083 
1.067041 
1.103894 
1.059790 
1.054655 
1.063743 
1.084647 
1.197195 
1.068256 
1.059792 
1.099710 
1.093134 
1.055187 
1.069579 
1.100235 
1.051550 
1.085834 
1.273801 
1.073038 
1.147704 
1.088662 
1.102366 
1.100630 
1.075686 
1.099395 
1.055888 
1.047296 
1.164534 
1.057483 
1.087560 
1.104753 
1.075955 
1.104194 
1.043242 
1.090742 
1.047175 
1.321778 
1.062287 
1.269609 
1.070211 
1.161331 
1.092632 
1.116290 
1.104844 
1.111721 
1.101800 
1.097596 
1.084879 
1.101739 
1.059695 
1.046490 
1.193112 
1.048387 
1.124339 
1.091731 
1.102087 
1.084929 
1.403867 
1.051235 
1.266451 
1.075581 
1.176892 
1.108224 
1.157321 
1.098843 
1.046158 
1.101096 
1.122686 
1.051762 
1.126291 
1.082121 
1.226168 
1.044745 
1.167147 
1.083890 
1.074766 
1.049451 
1.132426 
1.082893 
1.291437 
1.064524 
1.247023 
1.084871 
1.208888 
1.084635 
1.057085 
1.094380 
1.133173 
1.047923 
1.143949 
1.083204 
1.177836 
1.058804 
1.151678 
1.083819 
1.081033 
1.053140 
1.100744 
1.088733 
1.172493 
1.079326 
1.161436 
1.079492 
1.131246 
1.070995 
1.059619 
1.105678 
1.086827 
1.090458 
1.116200 
1.075220 
1.104979 
1.083072 
1.112709 
1.079186 
1.094094 
1.082764 
1.083101 
1.089502 
1.086288 
1.082439 
1.079765 
1.073218 
1.070009 
1.080970 
1.082776 
1.084189 
1.064594 
1.072640 
1.070216 
1.095382 
1.116169 
1.103007 
1.061715 
1.085833 
1.136909 
1.097133 
1.094203 
1.057287 
1.063954 
1.080307 
1.089173 
1.101391 
1.073228 
1.100146 
1.065905 
1.076621 
1.059218 
1.069435 
1.133115 
1.083899 
1.064663 
1.098955 
1.120859 
1.062152 
1.054601 
1.089653 
1.056186 
1.068553 
1.140398 
1.084142 
1.091635 
1.101121 
1.070624 
1.103277 
1.058426 
1.051981 
1.065764 
1.081055 
1.200681 
1.066339 
1.058404 
1.098069 
1.079482 
1.050617 
1.070909 
1.096619 
1.049290 
1.086733 
1.271069 
1.070114 
1.141197 
1.085485 
1.101437 
1.101945 
1.073211 
1.100513 
1.050016 
1.048046 
1.148938 
1.054163 
1.078915 
1.111111 
1.076951 
1.104798 
1.042956 
1.084471 
1.047963 
1.312823 
1.059103 
1.268404 
1.065663 
1.165573 
1.092379 
1.114343 
1.108412 
1.102953 
1.101265 
1.093116 
1.082326 
1.095855 
1.056291 
1.046267 
1.182600 
1.049883 
1.116350 
1.091296 
1.097875 
1.087544 
1.409296 
1.052374 
1.266376 
1.073450 
1.164174 
1.106093 
1.147473 
1.098248 
1.046270 
1.104076 
1.118665 
1.049493 
1.119798 
1.084052 
1.236283 
1.046840 
1.157385 
1.083672 
1.075306 
1.049035 
1.129784 
1.082210 
1.300022 
1.067407 
1.253693 
1.086404 
1.203523 
1.085428 
1.062155 
1.095269 
1.128033 
1.047299 
1.150104 
1.081862 
1.186853 
1.063495 
1.155520 
1.083876 
1.087908 
1.046538 
1.101341 
1.089212 
1.180491 
1.075537 
1.167548 
1.080295 
1.133691 
1.078133 
1.063280 
1.105061 
1.088519 
1.088268 
1.117591 
1.074091 
1.108107 
1.086480 
1.113596 
1.080075 
1.094799 
1.084372 
1.083406 
1.090360 
1.087944 
1.083628 
1.080685 
1.074754 
1.071154 
1.083591 
1.089834 
1.090082 
1.067552 
1.072573 
1.074115 
1.096401 
1.148707 
1.104576 
1.062552 
1.087269 
1.113760 
1.091134 
1.089915 
1.058782 
1.066137 
1.079162 
1.098779 
1.100799 
1.077357 
1.102664 
1.055404 
1.067998 
1.060653 
1.069171 
1.146152 
1.080582 
1.067379 
1.099651 
1.105325 
1.059090 
1.055121 
1.088768 
1.055448 
1.066764 
1.149057 
1.081339 
1.090839 
1.102902 
1.069923 
1.105172 
1.058268 
1.050217 
1.065663 
1.080937 
1.216847 
1.062250 
1.058766 
1.099356 
1.084219 
1.048239 
1.070515 
1.095918 
1.048047 
1.086378 
1.280927 
1.067023 
1.141290 
1.085809 
1.102609 
1.100583 
1.072895 
1.101383 
1.051230 
1.048009 
1.157917 
1.052331 
1.078197 
1.110410 
1.077841 
1.103542 
1.042925 
1.093360 
1.047850 
1.333835 
1.060697 
1.276833 
1.066011 
1.162122 
1.090218 
1.112388 
1.107446 
1.097397 
1.097925 
1.089094 
1.082151 
1.095846 
1.057239 
1.047298 
1.197324 
1.051460 
1.113721 
1.086928 
1.098002 
1.090883 
1.421123 
1.053582 
1.265508 
1.075112 
1.161152 
1.106810 
1.143393 
1.099163 
1.052527 
1.107259 
1.129952 
1.052078 
1.115824 
1.083752 
1.252974 
1.049007 
1.153737 
1.084631 
1.085513 
1.050468 
1.127292 
1.083832 
1.305576 
1.069409 
1.252481 
1.082199 
1.197517 
1.082662 
1.060096 
1.094412 
1.126650 
1.050631 
1.147847 
1.083925 
1.186621 
1.061388 
1.154868 
1.083534 
1.090667 
1.052627 
1.101388 
1.088791 
1.181025 
1.074390 
1.166349 
1.076923 
1.137129 
1.085169 
1.068863 
1.106492 
1.088669 
1.087709 
1.118130 
1.073640 
1.108052 
1.084730 
1.112905 
1.076761 
1.093671 
1.085737 
1.084357 
1.089523 
1.088217 
1.083317 
1.081711 
1.073707 
1.070041 
1.082808 
1.103929 
1.095851 
1.066848 
1.073693 
1.076888 
1.098700 
1.137591 
1.101785 
1.063295 
1.087358 
1.109086 
1.084259 
1.083792 
1.059827 
1.066579 
1.083024 
1.104093 
1.099476 
1.073730 
1.101204 
1.051740 
1.062825 
1.060700 
1.067831 
1.202324 
1.077287 
1.066917 
1.100181 
1.095154 
1.058046 
1.054086 
1.087084 
1.051142 
1.068629 
1.155169 
1.078467 
1.095491 
1.102061 
1.075546 
1.102400 
1.055979 
1.049475 
1.066557 
1.080153 
1.236562 
1.058751 
1.061411 
1.097227 
1.095071 
1.048744 
1.071043 
1.093967 
1.045952 
1.083498 
1.290976 
1.066677 
1.145292 
1.084628 
1.102729 
1.097296 
1.075466 
1.099166 
1.052653 
1.046085 
1.186947 
1.054142 
1.076849 
1.110589 
1.076785 
1.103159 
1.045769 
1.104539 
1.048267 
1.366559 
1.059814 
1.275868 
1.066120 
1.161214 
1.092531 
1.112941 
1.105680 
1.095442 
1.096329 
1.087366 
1.084487 
1.095762 
1.069960 
1.049140 
1.224159 
1.053795 
1.112077 
1.083789 
1.097758 
1.092854 
1.435147 
1.058305 
1.268638 
1.081131 
1.161764 
1.106232 
1.139230 
1.096424 
1.056738 
1.108206 
1.141058 
1.055922 
1.114955 
1.082855 
1.279856 
1.050826 
1.151326 
1.083698 
1.089762 
1.054740 
1.125409 
1.085649 
1.313663 
1.075118 
1.251323 
1.081210 
1.192534 
1.080847 
1.063688 
1.095893 
1.135531 
1.053172 
1.146004 
1.083948 
1.192157 
1.063375 
1.154438 
1.081543 
1.095775 
1.056095 
1.101492 
1.089443 
1.186582 
1.073238 
1.166855 
1.075684 
1.133392 
1.089194 
1.074540 
1.105409 
1.088648 
1.089066 
1.116490 
1.072676 
1.108438 
1.084717 
1.116003 
1.078469 
1.091190 
1.082102 
1.084670 
1.089834 
1.088450 
1.082178 
1.080369 
1.073382 
1.067582 
1.081657 
1.107623 
1.094005 
1.063546 
1.072746 
1.074964 
1.095464 
1.117979 
1.102275 
1.063820 
1.086148 
1.104403 
1.083261 
1.081492 
1.059560 
1.066610 
1.080262 
1.111342 
1.098622 
1.076148 
1.099084 
1.050461 
1.061271 
1.059164 
1.065208 
1.233810 
1.074602 
1.064765 
1.096148 
1.087249 
1.056086 
1.053366 
1.085204 
1.053284 
1.066574 
1.151369 
1.076886 
1.091816 
1.097995 
1.076490 
1.099607 
1.055653 
1.048209 
1.066509 
1.080000 
1.207447 
1.057889 
1.061193 
1.093115 
1.098318 
1.050004 
1.070731 
1.091717 
1.044795 
1.083611 
1.294869 
1.064715 
1.147576 
1.085072 
1.104647 
1.095266 
1.074857 
1.099223 
1.058774 
1.046922 
1.221296 
1.052722 
1.079955 
1.111212 
1.075677 
1.101545 
1.047968 
1.123724 
1.049790 
1.387598 
1.063035 
1.272865 
1.072210 
1.162876 
1.091696 
1.110067 
1.105002 
1.093150 
1.095284 
1.086773 
1.085211 
1.096346 
1.078192 
1.048007 
1.257156 
1.055976 
1.109475 
1.083090 
1.097758 
1.089181 
1.443173 
1.058868 
1.266818 
1.085968 
1.157577 
1.103934 
1.134472 
1.098566 
1.060357 
1.106874 
1.152877 
1.053770 
1.113004 
1.085601 
1.302802 
1.052832 
1.149251 
1.085029 
1.094820 
1.049839 
1.124498 
1.084757 
1.331217 
1.079807 
1.248206 
1.082549 
1.186847 
1.081799 
1.059045 
1.094207 
1.146770 
1.057311 
1.145798 
1.086602 
1.199611 
1.064139 
1.153277 
1.081694 
1.100990 
1.059427 
1.101842 
1.091928 
1.193695 
1.071390 
1.168960 
1.075049 
1.134613 
1.091768 
1.079450 
1.105770 
1.090461 
1.090365 
1.120072 
1.073588 
1.110136 
1.085029 
1.118200 
1.078226 
1.092232 
1.080335 
1.084586 
1.090184 
1.088146 
1.081729 
1.079546 
1.069857 
1.060925 
1.076130 
1.086833 
1.083822 
1.060134 
1.066496 
1.068449 
1.090133 
1.100407 
1.097958 
1.059089 
1.081895 
1.098422 
1.082867 
1.080076 
1.057509 
1.064010 
1.076157 
1.101007 
1.098250 
1.073186 
1.094407 
1.050242 
1.062336 
1.057900 
1.066073 
1.201173 
1.073886 
1.063158 
1.093565 
1.095867 
1.053484 
1.047615 
1.083781 
1.051230 
1.065267 
1.197343 
1.077095 
1.091035 
1.096151 
1.073243 
1.096072 
1.047073 
1.047721 
1.066132 
1.077931 
1.210630 
1.056920 
1.061987 
1.094961 
1.085613 
1.050375 
1.069856 
1.094479 
1.043475 
1.081822 
1.286122 
1.063768 
1.145372 
1.084093 
1.107527 
1.099863 
1.074314 
1.100817 
1.059352 
1.045419 
1.221886 
1.053121 
1.079899 
1.109394 
1.076864 
1.100197 
1.045912 
1.124812 
1.050142 
1.402732 
1.063305 
1.276409 
1.073773 
1.164089 
1.090933 
1.111356 
1.109044 
1.094256 
1.094211 
1.088876 
1.085946 
1.097210 
1.082178 
1.050728 
1.284433 
1.053767 
1.109419 
1.083874 
1.099768 
1.091280 
1.452359 
1.059432 
1.271564 
1.087722 
1.160336 
1.101045 
1.133047 
1.096720 
1.054556 
1.104019 
1.158058 
1.053481 
1.112235 
1.085397 
1.322480 
1.053431 
1.149561 
1.084228 
1.095854 
1.048306 
1.125441 
1.087938 
1.350282 
1.079261 
1.250127 
1.078607 
1.188892 
1.080677 
1.065621 
1.096346 
1.155205 
1.052041 
1.146120 
1.087795 
1.208813 
1.061074 
1.152253 
1.081784 
1.107164 
1.061171 
1.099789 
1.093018 
1.204164 
1.070852 
1.173760 
1.076788 
1.137312 
1.092765 
1.081614 
1.105858 
1.091454 
1.092186 
1.122389 
1.074154 
1.110193 
1.083594 
1.119957 
1.077663 
1.093372 
1.076587 
1.083256 
1.087943 
1.087169 
1.081329 
1.078302 
1.060349 
1.055574 
1.067682 
1.066907 
1.071713 
1.055159 
1.063817 
1.057101 
1.085256 
1.073803 
1.084609 
1.051926 
1.077971 
1.102073 
1.080685 
1.082290 
1.054236 
1.058868 
1.075553 
1.082034 
1.093517 
1.067018 
1.092247 
1.058694 
1.063379 
1.054272 
1.063379 
1.130203 
1.075693 
1.064373 
1.091018 
1.095541 
1.054962 
1.046480 
1.081734 
1.045268 
1.065456 
1.140618 
1.078039 
1.094467 
1.096664 
1.072494 
1.097429 
1.039230 
1.048169 
1.066097 
1.079065 
1.224620 
1.059626 
1.061860 
1.093121 
1.085010 
1.050418 
1.068630 
1.093989 
1.043376 
1.082731 
1.341683 
1.066282 
1.162472 
1.084204 
1.104802 
1.099063 
1.076420 
1.100771 
1.053316 
1.044160 
1.222477 
1.055327 
1.081678 
1.112231 
1.076184 
1.103347 
1.044883 
1.124986 
1.051668 
1.398627 
1.064918 
1.275410 
1.075259 
1.169341 
1.094262 
1.117181 
1.108441 
1.099491 
1.102905 
1.088757 
1.076530 
1.105641 
1.082697 
1.047593 
1.305693 
1.055119 
1.112677 
1.085112 
1.101162 
1.094466 
1.446038 
1.059931 
1.273148 
1.088134 
1.164988 
1.099387 
1.140630 
1.097387 
1.042496 
1.102882 
1.152836 
1.052518 
1.117162 
1.086508 
1.332826 
1.056365 
1.157567 
1.086344 
1.098662 
1.046180 
1.126494 
1.088507 
1.350484 
1.080908 
1.261071 
1.082056 
1.193862 
1.082670 
1.061455 
1.095545 
1.160319 
1.055047 
1.141112 
1.087491 
1.204597 
1.066819 
1.154650 
1.080965 
1.109248 
1.062257 
1.100705 
1.092002 
1.203557 
1.071486 
1.179459 
1.075863 
1.132949 
1.097300 
1.077075 
1.105733 
1.089051 
1.091585 
1.120051 
1.068550 
1.110102 
1.082433 
1.124023 
1.073516 
1.088679 
1.073547 
1.082152 
1.087002 
1.087606 
1.077495 
1.075312 
1.057635 
1.052607 
1.065645 
1.060227 
1.064008 
1.051651 
1.061833 
1.055279 
1.082451 
1.060040 
1.077363 
1.049303 
1.077064 
1.077255 
1.075678 
1.077500 
1.048061 
1.057273 
1.074163 
1.068188 
1.093373 
1.063397 
1.093778 
1.069991 
1.072992 
1.054726 
1.062674 
1.093612 
1.080988 
1.060644 
1.093438 
1.117358 
1.062938 
1.042599 
1.080804 
1.051541 
1.068034 
1.122546 
1.081786 
1.082607 
1.095710 
1.070033 
1.095814 
1.050958 
1.050375 
1.066968 
1.078859 
1.237337 
1.065434 
1.056678 
1.092388 
1.103616 
1.052251 
1.068862 
1.093337 
1.042324 
1.089641 
1.279433 
1.073215 
1.155132 
1.088482 
1.106807 
1.101128 
1.078212 
1.100794 
1.042956 
1.045389 
1.237490 
1.059289 
1.081332 
1.106689 
1.076317 
1.105656 
1.046469 
1.107701 
1.051289 
1.516019 
1.066922 
1.345160 
1.075576 
1.184400 
1.098979 
1.125679 
1.112012 
1.104181 
1.105414 
1.090767 
1.081003 
1.108459 
1.076703 
1.043049 
1.272072 
1.058402 
1.114790 
1.086706 
1.102070 
1.095916 
1.434061 
1.063240 
1.275386 
1.090320 
1.167411 
1.105097 
1.145096 
1.101364 
1.038130 
1.103082 
1.129276 
1.050531 
1.120484 
1.089176 
1.352764 
1.052112 
1.160405 
1.085583 
1.099460 
1.041904 
1.126002 
1.090385 
1.376959 
1.080558 
1.275127 
1.081950 
1.199663 
1.084304 
1.067079 
1.092825 
1.160113 
1.052792 
1.140629 
1.087736 
1.221802 
1.063585 
1.159118 
1.081734 
1.110905 
1.064433 
1.099569 
1.091532 
1.212722 
1.067051 
1.188847 
1.073336 
1.138127 
1.096184 
1.076836 
1.105782 
1.088496 
1.090342 
1.123882 
1.070530 
1.113191 
1.081353 
1.131573 
1.072624 
1.090733 
1.076647 
1.083403 
1.085417 
1.090615 
1.078717 
1.078036 
1.055839 
1.049320 
1.068037 
1.057622 
1.063725 
1.050091 
1.062524 
1.052725 
1.084082 
1.058994 
1.077854 
1.044301 
1.075620 
1.073885 
1.072665 
1.077768 
1.048892 
1.057856 
1.076109 
1.064767 
1.095394 
1.059505 
1.094371 
1.078989 
1.073811 
1.056421 
1.064289 
1.079025 
1.084259 
1.056913 
1.092436 
1.123778 
1.067722 
1.044125 
1.082077 
1.055802 
1.074370 
1.108683 
1.087139 
1.083371 
1.098719 
1.066410 
1.098730 
1.073950 
1.055694 
1.068055 
1.082967 
1.191419 
1.067673 
1.058142 
1.093971 
1.132761 
1.054553 
1.072671 
1.095642 
1.045455 
1.090974 
1.257181 
1.073983 
1.146618 
1.091040 
1.104949 
1.105182 
1.082179 
1.101776 
1.059093 
1.045666 
1.310536 
1.060633 
1.086156 
1.111579 
1.079787 
1.110689 
1.038623 
1.154501 
1.050811 
1.439290 
1.066477 
1.302972 
1.075906 
1.172624 
1.101532 
1.126741 
1.118461 
1.109996 
1.115525 
1.096598 
1.080736 
1.112772 
1.069021 
1.037399 
1.289174 
1.053090 
1.121193 
1.086202 
1.104094 
1.097432 
1.522258 
1.062611 
1.335987 
1.090969 
1.180316 
1.104457 
1.151764 
1.098113 
1.054406 
1.102489 
1.136563 
1.043963 
1.124239 
1.089836 
1.355336 
1.051209 
1.164990 
1.087050 
1.100009 
1.053840 
1.122087 
1.089422 
1.384457 
1.080964 
1.293135 
1.081312 
1.211616 
1.084934 
1.074953 
1.094165 
1.162053 
1.059385 
1.137687 
1.086238 
1.280411 
1.065836 
1.159364 
1.080394 
1.116141 
1.067783 
1.098534 
1.090939 
1.225873 
1.063896 
1.189222 
1.073596 
1.160427 
1.106763 
1.079842 
1.103026 
1.088069 
1.089472 
1.131173 
1.075663 
1.114719 
1.080911 
1.137642 
1.074368 
1.097117 
1.081694 
1.084688 
1.086613 
1.096432 
1.078905 
1.082842 
1.053707 
1.049365 
1.068672 
1.055794 
1.063552 
1.048691 
1.061555 
1.047338 
1.092073 
1.054648 
1.089472 
1.045169 
1.077586 
1.070556 
1.067709 
1.091489 
1.049927 
1.056670 
1.073042 
1.063735 
1.095479 
1.060754 
1.094111 
1.094168 
1.071103 
1.058003 
1.066595 
1.073754 
1.084968 
1.056960 
1.093151 
1.108779 
1.066905 
1.042204 
1.085147 
1.065741 
1.074993 
1.098423 
1.081920 
1.077352 
1.101702 
1.062550 
1.096798 
1.095790 
1.061921 
1.068143 
1.086135 
1.144215 
1.069504 
1.059374 
1.096825 
1.184008 
1.058263 
1.073555 
1.098130 
1.053981 
1.088546 
1.220502 
1.075120 
1.139539 
1.090117 
1.103319 
1.106121 
1.081893 
1.099466 
1.085323 
1.051297 
1.353067 
1.062500 
1.087307 
1.107835 
1.082038 
1.111622 
1.040850 
1.182387 
1.050837 
1.407760 
1.068261 
1.263037 
1.074423 
1.165195 
1.099389 
1.122682 
1.119695 
1.113404 
1.111406 
1.097606 
1.080671 
1.115579 
1.087806 
1.037755 
1.323776 
1.051095 
1.123988 
1.087371 
1.104768 
1.095218 
1.442503 
1.058613 
1.288463 
1.086085 
1.187469 
1.103173 
1.158488 
1.098655 
1.056156 
1.101524 
1.159190 
1.044899 
1.126884 
1.087709 
1.419338 
1.049943 
1.173392 
1.083435 
1.091802 
1.055915 
1.124414 
1.089340 
1.414777 
1.072657 
1.300128 
1.078761 
1.214863 
1.082021 
1.076362 
1.095162 
1.168177 
1.063385 
1.146226 
1.085699 
1.291802 
1.075437 
1.177602 
1.079856 
1.116360 
1.072712 
1.097777 
1.090866 
1.269543 
1.066004 
1.234802 
1.071417 
1.167304 
1.113147 
1.090585 
1.104056 
1.089302 
1.090055 
1.146456 
1.081523 
1.117604 
1.079130 
1.167484 
1.073663 
1.107597 
1.091810 
1.089922 
1.087500 
1.101241 
1.078539 
1.087959 
1.053069 
1.046375 
1.070783 
1.054382 
1.070053 
1.046528 
1.055168 
1.049148 
1.091132 
1.054335 
1.104487 
1.044956 
1.083927 
1.067894 
1.067224 
1.084721 
1.049684 
1.054697 
1.069343 
1.064180 
1.097364 
1.059659 
1.093476 
1.094189 
1.074329 
1.055109 
1.063452 
1.074787 
1.080910 
1.054813 
1.091514 
1.104432 
1.070397 
1.039950 
1.081435 
1.072264 
1.069912 
1.095382 
1.081433 
1.077576 
1.105653 
1.065779 
1.098319 
1.095075 
1.064809 
1.063525 
1.084355 
1.130009 
1.069072 
1.058316 
1.094641 
1.186974 
1.058332 
1.072804 
1.098606 
1.063389 
1.087558 
1.202251 
1.072859 
1.140304 
1.085768 
1.101201 
1.108982 
1.082858 
1.097083 
1.088974 
1.057393 
1.328488 
1.059929 
1.091623 
1.104678 
1.084189 
1.114150 
1.040884 
1.185841 
1.052802 
1.342110 
1.063893 
1.246394 
1.071328 
1.161310 
1.092385 
1.126827 
1.117493 
1.113276 
1.110811 
1.099258 
1.082282 
1.117001 
1.085850 
1.037681 
1.348567 
1.051161 
1.125453 
1.084352 
1.102392 
1.096994 
1.395981 
1.058709 
1.271832 
1.080000 
1.192090 
1.100037 
1.161184 
1.097534 
1.055550 
1.100871 
1.175187 
1.051066 
1.126161 
1.087772 
1.407337 
1.056531 
1.171766 
1.082004 
1.093912 
1.056829 
1.121042 
1.092354 
1.373780 
1.073012 
1.283314 
1.073054 
1.213492 
1.080428 
1.071172 
1.096637 
1.195411 
1.066379 
1.163617 
1.086143 
1.279487 
1.082786 
1.200993 
1.078700 
1.119993 
1.071140 
1.106040 
1.089996 
1.254006 
1.070092 
1.240774 
1.070017 
1.174801 
1.113460 
1.094653 
1.119923 
1.089246 
1.088636 
1.180680 
1.083014 
1.133648 
1.077940 
1.184377 
1.072500 
1.108533 
1.093882 
1.090194 
1.083653 
1.098701 
1.078861 
1.086033 
1.055450 
1.047847 
1.077210 
1.056294 
1.077262 
1.045524 
1.060476 
1.049065 
1.095395 
1.054066 
1.100087 
1.047902 
1.087172 
1.069460 
1.070900 
1.083289 
1.050815 
1.054624 
1.072572 
1.066235 
1.099615 
1.061754 
1.099258 
1.097160 
1.072835 
1.058198 
1.065996 
1.073809 
1.077848 
1.055854 
1.094180 
1.107482 
1.068763 
1.040605 
1.082551 
1.071539 
1.073545 
1.105380 
1.079390 
1.079221 
1.105636 
1.066000 
1.103352 
1.107310 
1.065246 
1.067963 
1.085791 
1.134605 
1.066837 
1.062874 
1.097367 
1.186507 
1.059024 
1.073014 
1.099631 
1.061847 
1.090030 
1.206861 
1.071697 
1.140962 
1.082942 
1.100117 
1.112647 
1.082714 
1.100115 
1.079927 
1.048773 
1.284108 
1.061163 
1.092068 
1.105534 
1.086980 
1.113702 
1.046112 
1.203773 
1.049840 
1.326358 
1.064135 
1.248538 
1.074029 
1.165106 
1.091261 
1.130468 
1.116533 
1.120351 
1.112119 
1.101073 
1.081852 
1.116950 
1.082540 
1.039883 
1.351111 
1.048717 
1.128120 
1.088261 
1.102010 
1.096313 
1.376579 
1.059660 
1.275831 
1.077155 
1.198347 
1.105702 
1.165221 
1.100009 
1.065165 
1.100135 
1.205191 
1.050629 
1.131555 
1.088642 
1.392246 
1.057511 
1.169260 
1.083447 
1.119662 
1.059217 
1.117020 
1.092404 
1.348957 
1.074645 
1.281632 
1.076541 
1.214846 
1.079927 
1.076836 
1.097078 
1.239127 
1.066141 
1.160749 
1.089145 
1.251073 
1.081990 
1.195651 
1.079250 
1.122660 
1.076023 
1.107033 
1.093881 
1.245305 
1.071165 
1.229777 
1.070596 
1.192166 
1.115265 
1.098448 
1.123994 
1.091816 
1.086974 
1.193419 
1.082006 
1.147868 
1.076409 
1.186226 
1.072505 
1.112172 
1.091219 
1.093391 
1.082910 
1.102010 
1.077770 
1.086303 
1.059351 
1.048968 
1.084442 
1.058147 
1.095391 
1.048160 
1.066175 
1.053129 
1.103796 
1.058211 
1.099746 
1.050935 
1.088995 
1.069723 
1.083615 
1.085235 
1.052895 
1.055751 
1.079176 
1.071846 
1.096050 
1.064609 
1.102180 
1.104484 
1.077854 
1.059981 
1.067318 
1.074771 
1.076534 
1.058381 
1.092776 
1.107805 
1.066677 
1.043969 
1.086060 
1.078297 
1.074986 
1.118398 
1.078308 
1.086379 
1.104548 
1.066760 
1.104440 
1.121182 
1.063026 
1.069921 
1.087417 
1.146574 
1.065425 
1.065268 
1.095651 
1.194684 
1.057788 
1.075793 
1.100746 
1.061091 
1.089725 
1.220250 
1.070957 
1.144949 
1.081943 
1.105341 
1.107341 
1.086391 
1.099290 
1.091507 
1.042537 
1.279892 
1.057890 
1.096700 
1.107743 
1.088797 
1.115162 
1.055419 
1.216458 
1.045450 
1.340692 
1.061160 
1.251871 
1.072791 
1.172339 
1.091151 
1.135794 
1.117952 
1.119685 
1.116257 
1.101496 
1.081615 
1.117343 
1.086040 
1.046592 
1.346438 
1.050193 
1.129166 
1.093385 
1.102350 
1.096766 
1.372911 
1.058703 
1.279068 
1.075127 
1.192496 
1.109306 
1.164212 
1.104541 
1.073401 
1.099701 
1.243019 
1.052906 
1.137208 
1.091662 
1.366617 
1.054303 
1.178768 
1.085604 
1.143146 
1.061752 
1.114110 
1.094000 
1.349341 
1.075292 
1.286764 
1.081422 
1.226837 
1.083078 
1.083072 
1.097008 
1.253902 
1.070922 
1.150888 
1.091124 
1.240281 
1.083100 
1.182403 
1.078145 
1.122454 
1.081012 
1.106469 
1.092841 
1.229110 
1.073951 
1.209296 
1.070357 
1.170676 
1.112041 
1.102509 
1.130625 
1.096050 
1.086554 
1.219359 
1.083777 
1.154024 
1.076085 
1.187347 
1.073803 
1.115168 
1.091316 
1.103559 
1.082454 
1.122448 
1.077745 
1.087978 
1.061411 
1.053655 
1.091543 
1.061277 
1.101426 
1.051643 
1.068683 
1.057788 
1.109329 
1.061875 
1.097340 
1.055806 
1.092657 
1.073531 
1.091058 
1.088270 
1.056442 
1.060634 
1.082498 
1.075185 
1.094695 
1.065804 
1.102091 
1.113972 
1.084230 
1.062181 
1.069751 
1.081367 
1.076504 
1.058095 
1.092759 
1.115263 
1.066260 
1.042924 
1.084818 
1.082589 
1.075704 
1.123258 
1.076326 
1.086893 
1.101424 
1.069578 
1.102808 
1.132844 
1.059462 
1.067981 
1.085106 
1.150979 
1.063594 
1.064469 
1.097023 
1.198502 
1.053897 
1.071629 
1.099206 
1.058029 
1.089556 
1.216849 
1.069912 
1.146519 
1.083484 
1.104607 
1.107114 
1.083206 
1.098545 
1.111173 
1.045901 
1.287682 
1.055937 
1.090591 
1.104234 
1.086847 
1.112072 
1.062016 
1.227084 
1.043280 
1.344933 
1.061231 
1.253243 
1.073603 
1.172092 
1.089349 
1.133813 
1.113252 
1.116968 
1.117292 
1.101263 
1.082001 
1.119120 
1.109268 
1.054312 
1.341973 
1.049797 
1.128111 
1.098841 
1.103332 
1.098675 
1.383959 
1.057568 
1.283501 
1.075255 
1.188576 
1.111082 
1.163780 
1.110759 
1.080242 
1.098801 
1.246556 
1.054093 
1.136967 
1.092722 
1.365784 
1.055610 
1.182793 
1.088397 
1.156793 
1.067776 
1.113048 
1.094318 
1.336491 
1.075619 
1.273754 
1.084146 
1.237782 
1.087102 
1.082554 
1.098300 
1.250118 
1.069717 
1.141450 
1.093419 
1.232840 
1.082750 
1.177312 
1.081179 
1.128117 
1.085461 
1.110456 
1.095015 
1.220121 
1.072761 
1.197338 
1.072268 
1.161919 
1.107766 
1.100612 
1.128479 
1.099489 
1.087844 
1.216331 
1.081765 
1.156063 
1.075711 
1.182294 
1.073214 
1.111656 
1.084317 
1.103069 
1.083198 
1.123876 
1.077396 
1.082913 
1.061923 
1.057002 
1.086615 
1.065807 
1.087925 
1.055951 
1.067757 
1.060972 
1.111300 
1.065064 
1.097685 
1.056809 
1.092103 
1.081231 
1.097439 
1.087612 
1.056928 
1.062675 
1.083016 
1.078198 
1.090621 
1.068711 
1.105429 
1.125572 
1.086558 
1.058189 
1.071688 
1.087622 
1.076483 
1.060759 
1.097365 
1.124184 
1.066123 
1.047229 
1.088472 
1.085395 
1.075051 
1.130339 
1.076427 
1.089995 
1.098417 
1.068021 
1.102809 
1.141810 
1.060043 
1.067912 
1.083855 
1.160488 
1.065793 
1.064371 
1.096247 
1.212931 
1.052887 
1.069939 
1.098391 
1.055252 
1.088113 
1.216274 
1.071527 
1.144682 
1.082943 
1.102554 
1.109301 
1.080836 
1.099297 
1.125997 
1.044061 
1.312469 
1.058463 
1.087457 
1.098309 
1.084269 
1.111896 
1.068783 
1.242134 
1.042974 
1.333446 
1.062991 
1.254873 
1.073406 
1.173629 
1.086923 
1.132576 
1.109293 
1.116256 
1.113959 
1.099609 
1.082577 
1.115304 
1.122546 
1.050059 
1.350748 
1.048827 
1.129586 
1.098960 
1.104162 
1.101741 
1.397401 
1.058753 
1.287218 
1.073577 
1.196353 
1.109855 
1.164505 
1.110436 
1.086067 
1.102720 
1.291762 
1.052948 
1.133148 
1.094114 
1.374877 
1.054616 
1.180908 
1.090743 
1.153368 
1.071234 
1.115272 
1.093066 
1.334355 
1.072849 
1.273617 
1.082484 
1.237197 
1.088501 
1.088864 
1.101213 
1.252607 
1.069854 
1.135719 
1.092977 
1.228860 
1.081997 
1.176833 
1.081694 
1.125138 
1.091215 
1.107235 
1.097329 
1.216527 
1.070601 
1.190868 
1.072598 
1.156245 
1.104760 
1.095385 
1.119713 
1.101402 
1.090370 
1.197414 
1.076760 
1.150016 
1.075205 
1.176827 
1.069145 
1.099506 
1.080879 
1.101415 
1.084983 
1.112320 
1.073837 
1.081385 
1.061864 
1.058178 
1.082720 
1.066355 
1.077005 
1.053855 
1.063865 
1.063738 
1.109533 
1.067358 
1.096872 
1.059843 
1.091769 
1.086640 
1.096792 
1.088570 
1.056502 
1.062753 
1.078589 
1.084367 
1.091944 
1.069824 
1.108646 
1.136632 
1.088074 
1.058397 
1.068403 
1.094985 
1.077377 
1.059086 
1.097262 
1.137339 
1.067417 
1.047789 
1.087433 
1.084439 
1.074438 
1.141551 
1.075675 
1.093185 
1.099488 
1.065282 
1.104738 
1.149955 
1.055187 
1.067236 
1.084206 
1.173879 
1.066530 
1.064880 
1.093110 
1.233259 
1.056714 
1.069750 
1.098626 
1.058470 
1.087965 
1.208488 
1.069914 
1.145793 
1.080836 
1.102092 
1.107114 
1.081178 
1.097913 
1.129492 
1.042346 
1.347456 
1.060145 
1.087385 
1.101455 
1.084704 
1.110595 
1.074677 
1.261546 
1.040381 
1.341325 
1.061964 
1.255335 
1.074328 
1.176929 
1.083688 
1.133866 
1.108205 
1.117530 
1.113341 
1.098709 
1.083641 
1.117404 
1.129054 
1.050752 
1.371043 
1.048252 
1.130396 
1.096589 
1.107777 
1.102808 
1.411847 
1.057995 
1.300647 
1.073748 
1.200977 
1.108379 
1.165205 
1.105580 
1.085508 
1.101329 
1.301612 
1.052270 
1.134747 
1.094272 
1.371742 
1.054119 
1.182830 
1.089130 
1.153601 
1.068760 
1.118930 
1.094034 
1.318791 
1.072982 
1.267563 
1.079394 
1.240103 
1.088366 
1.087781 
1.100372 
1.229986 
1.068966 
1.133603 
1.091751 
1.220737 
1.079812 
1.174707 
1.082011 
1.124201 
1.088927 
1.105210 
1.098244 
1.205248 
1.068116 
1.191926 
1.072160 
1.140810 
1.097014 
1.092523 
1.122162 
1.103646 
1.091629 
1.163615 
1.075172 
1.142326 
1.075063 
1.166480 
1.068454 
1.091137 
1.078238 
1.098887 
1.085663 
1.102204 
1.071959 
1.079689 
1.061160 
1.058115 
1.071232 
1.066771 
1.068946 
1.054261 
1.063947 
1.064960 
1.108742 
1.070776 
1.097703 
1.061631 
1.082572 
1.088296 
1.088763 
1.088410 
1.056368 
1.060225 
1.074009 
1.090367 
1.092489 
1.070166 
1.103828 
1.133170 
1.090236 
1.056445 
1.068777 
1.105610 
1.078468 
1.057434 
1.094232 
1.145576 
1.070561 
1.050380 
1.086971 
1.085559 
1.074366 
1.148999 
1.077380 
1.091756 
1.097967 
1.066286 
1.107675 
1.167965 
1.065793 
1.065020 
1.084597 
1.187280 
1.065313 
1.064298 
1.095442 
1.253208 
1.061403 
1.070063 
1.098242 
1.069865 
1.089294 
1.211792 
1.069175 
1.150894 
1.083252 
1.105875 
1.109036 
1.082014 
1.099045 
1.142321 
1.039094 
1.364857 
1.060349 
1.092464 
1.106083 
1.085209 
1.106869 
1.079461 
1.302621 
1.040365 
1.354931 
1.062646 
1.264699 
1.072800 
1.177931 
1.083815 
1.136649 
1.112749 
1.121267 
1.112257 
1.099743 
1.082538 
1.120438 
1.157583 
1.052680 
1.393356 
1.044373 
1.134928 
1.093682 
1.109481 
1.100625 
1.419355 
1.056663 
1.300577 
1.073110 
1.202433 
1.106300 
1.167924 
1.105686 
1.085097 
1.104709 
1.288741 
1.053652 
1.133801 
1.092377 
1.380391 
1.053247 
1.185568 
1.089414 
1.142676 
1.068146 
1.120373 
1.093301 
1.308107 
1.070693 
1.258657 
1.078788 
1.242181 
1.087174 
1.090068 
1.101863 
1.203079 
1.068176 
1.138367 
1.090234 
1.207446 
1.079791 
1.174487 
1.081184 
1.124949 
1.087556 
1.108211 
1.098532 
1.209749 
1.067628 
1.192236 
1.069103 
1.127052 
1.093729 
1.090937 
1.117943 
1.102386 
1.090381 
1.122049 
1.075247 
1.127558 
1.074154 
1.142689 
1.066895 
1.081042 
1.077309 
1.093417 
1.083014 
1.087394 
1.071384 
1.079168 
1.055020 
1.056620 
1.058752 
1.063890 
1.063676 
1.052935 
1.057950 
1.063833 
1.078286 
1.070785 
1.080337 
1.058908 
1.072066 
1.084483 
1.078925 
1.087599 
1.053758 
1.058930 
1.070331 
1.092913 
1.093502 
1.069135 
1.101355 
1.121939 
1.090159 
1.056914 
1.067284 
1.109373 
1.078371 
1.054099 
1.091852 
1.146739 
1.069892 
1.047596 
1.078331 
1.095218 
1.072238 
1.141793 
1.078493 
1.092870 
1.100589 
1.067488 
1.103701 
1.180897 
1.064880 
1.065859 
1.079385 
1.197216 
1.068722 
1.065823 
1.091593 
1.291231 
1.061024 
1.071021 
1.091582 
1.081007 
1.089487 
1.222028 
1.071095 
1.156434 
1.084013 
1.109982 
1.110433 
1.087299 
1.103035 
1.148782 
1.040850 
1.385286 
1.062408 
1.095974 
1.103928 
1.089033 
1.107164 
1.084853 
1.356348 
1.041379 
1.378366 
1.061309 
1.276317 
1.072602 
1.184270 
1.085440 
1.138667 
1.119982 
1.125445 
1.109346 
1.099928 
1.085578 
1.118412 
1.151754 
1.052560 
1.421496 
1.046364 
1.135669 
1.094051 
1.111387 
1.101935 
1.424916 
1.058290 
1.301739 
1.072454 
1.202764 
1.106750 
1.171948 
1.102402 
1.082468 
1.104903 
1.287794 
1.053363 
1.133111 
1.087042 
1.402478 
1.056657 
1.189274 
1.089296 
1.144668 
1.069171 
1.121753 
1.091157 
1.315324 
1.070196 
1.262063 
1.075390 
1.241918 
1.082863 
1.090783 
1.102824 
1.194024 
1.070801 
1.143094 
1.088736 
1.163245 
1.079966 
1.163240 
1.077977 
1.123072 
1.089948 
1.110197 
1.097926 
1.181392 
1.073392 
1.180366 
1.066719 
1.106271 
1.089267 
1.087936 
1.108295 
1.094552 
1.084484 
1.100758 
1.076164 
1.103922 
1.070439 
1.110490 
1.066925 
1.074684 
1.075362 
1.084030 
1.080222 
1.077008 
1.070086 
1.074763 
1.055752 
1.057659 
1.057826 
1.060656 
1.060334 
1.052470 
1.055584 
1.064097 
1.066046 
1.068112 
1.071934 
1.057823 
1.062742 
1.082036 
1.074314 
1.079187 
1.052754 
1.057481 
1.066943 
1.094283 
1.088615 
1.072366 
1.081892 
1.111954 
1.086764 
1.055119 
1.065702 
1.110779 
1.076775 
1.054299 
1.077511 
1.136867 
1.067161 
1.046646 
1.077086 
1.095712 
1.068959 
1.141793 
1.077032 
1.095341 
1.099352 
1.068578 
1.101878 
1.183073 
1.060048 
1.066603 
1.078791 
1.203108 
1.066884 
1.068495 
1.092461 
1.310230 
1.057277 
1.074434 
1.089095 
1.089541 
1.089003 
1.236892 
1.071422 
1.160480 
1.086837 
1.116648 
1.109268 
1.092793 
1.099627 
1.157566 
1.052469 
1.411873 
1.063081 
1.099305 
1.099425 
1.087679 
1.105725 
1.087329 
1.409011 
1.048605 
1.411264 
1.063972 
1.287537 
1.070594 
1.188339 
1.087109 
1.142171 
1.121029 
1.126794 
1.109005 
1.103437 
1.085975 
1.118275 
1.158031 
1.057184 
1.498622 
1.045061 
1.135989 
1.095579 
1.109825 
1.100438 
1.455281 
1.050162 
1.315862 
1.075635 
1.209506 
1.108620 
1.172339 
1.099385 
1.091740 
1.107050 
1.258474 
1.055397 
1.134966 
1.089679 
1.349013 
1.056501 
1.184839 
1.087436 
1.151433 
1.076323 
1.125632 
1.093327 
1.265533 
1.069841 
1.228834 
1.078169 
1.214807 
1.082628 
1.098825 
1.101715 
1.183841 
1.070633 
1.135864 
1.086306 
1.141294 
1.075769 
1.138528 
1.074430 
1.124789 
1.089926 
1.101734 
1.093051 
1.141734 
1.067262 
1.143687 
1.068465 
1.106356 
1.085759 
1.086440 
1.097735 
1.091086 
1.083024 
1.096207 
1.075449 
1.092191 
1.069315 
1.095721 
1.068278 
1.071241 
1.071562 
1.081782 
1.080593 
1.074180 
1.070308 
1.073030 
1.054325 
1.056319 
1.056941 
1.060119 
1.061392 
1.050722 
1.054133 
1.063894 
1.065396 
1.067128 
1.067203 
1.060113 
1.061162 
1.077212 
1.071039 
1.077157 
1.053008 
1.056132 
1.063399 
1.093833 
1.086900 
1.072015 
1.078863 
1.107556 
1.083375 
1.052919 
1.066635 
1.105864 
1.076962 
1.057207 
1.074892 
1.132973 
1.066132 
1.048224 
1.075120 
1.089854 
1.071048 
1.144789 
1.076821 
1.097447 
1.099505 
1.071884 
1.098192 
1.176466 
1.055711 
1.068412 
1.078725 
1.207997 
1.065052 
1.071271 
1.088596 
1.337766 
1.052799 
1.075059 
1.085258 
1.082480 
1.088751 
1.254389 
1.070564 
1.161777 
1.083410 
1.117632 
1.103253 
1.094165 
1.095593 
1.147393 
1.045386 
1.446979 
1.057191 
1.100645 
1.095549 
1.086717 
1.106019 
1.090426 
1.336552 
1.050468 
1.435044 
1.061522 
1.297521 
1.066679 
1.193215 
1.087307 
1.142077 
1.112093 
1.124819 
1.100704 
1.102838 
1.085723 
1.114698 
1.161198 
1.051663 
1.376802 
1.051962 
1.132467 
1.097819 
1.108928 
1.103141 
1.444714 
1.049481 
1.309128 
1.077988 
1.205380 
1.113136 
1.171405 
1.101969 
1.099903 
1.109961 
1.239465 
1.053244 
1.134629 
1.092064 
1.330414 
1.050789 
1.183688 
1.087116 
1.153365 
1.081588 
1.126722 
1.091406 
1.253276 
1.066958 
1.217115 
1.085164 
1.205522 
1.084098 
1.104772 
1.100943 
1.192828 
1.073406 
1.134574 
1.085130 
1.140861 
1.073255 
1.134159 
1.075276 
1.130348 
1.096388 
1.100623 
1.093298 
1.142545 
1.066795 
1.143038 
1.072245 
1.104523 
1.086578 
1.084609 
1.096081 
1.090035 
1.082193 
1.096632 
1.072437 
1.091518 
1.070940 
1.095406 
1.071099 
1.069965 
1.070026 
1.082521 
1.078957 
1.073864 
1.069186 
1.073354 
1.052284 
1.055821 
1.058003 
1.057710 
1.060640 
1.051928 
1.053417 
1.063953 
1.064622 
1.068263 
1.066627 
1.059160 
1.063258 
1.075428 
1.071144 
1.075455 
1.052102 
1.056698 
1.062394 
1.091716 
1.083880 
1.074357 
1.079269 
1.106519 
1.079239 
1.051570 
1.064853 
1.103411 
1.076990 
1.057272 
1.076172 
1.136040 
1.065941 
1.051948 
1.074931 
1.086278 
1.069971 
1.152010 
1.076960 
1.096414 
1.099286 
1.070657 
1.096895 
1.156855 
1.050843 
1.065725 
1.079993 
1.214286 
1.065442 
1.069895 
1.087716 
1.336460 
1.049886 
1.077379 
1.083734 
1.076777 
1.085824 
1.258493 
1.070428 
1.159952 
1.086600 
1.118397 
1.104654 
1.091181 
1.092984 
1.140166 
1.045665 
1.476035 
1.058310 
1.096974 
1.096710 
1.087193 
1.103867 
1.084300 
1.284223 
1.048119 
1.404035 
1.063415 
1.287963 
1.068650 
1.186969 
1.086152 
1.143871 
1.109293 
1.124705 
1.099565 
1.102114 
1.085807 
1.114737 
1.174053 
1.062959 
1.370712 
1.056716 
1.133032 
1.095553 
1.109461 
1.104308 
1.461316 
1.049075 
1.320099 
1.074846 
1.213846 
1.109849 
1.173562 
1.102386 
1.104167 
1.112668 
1.240491 
1.054895 
1.134783 
1.091787 
1.327855 
1.047338 
1.180225 
1.087495 
1.155746 
1.080674 
1.127631 
1.092235 
1.260096 
1.065185 
1.219607 
1.084864 
1.205373 
1.089958 
1.103846 
1.101100 
1.195847 
1.074341 
1.135130 
1.085652 
1.140844 
1.076209 
1.134547 
1.078078 
1.132930 
1.096299 
1.101879 
1.093997 
1.143215 
1.074933 
1.141264 
1.075082 
1.101469 
1.083652 
1.083772 
1.097246 
1.091834 
1.084781 
1.094233 
1.068091 
1.092055 
1.073972 
1.096575 
1.069527 
1.071029 
1.071615 
1.082836 
1.081070 
1.074712 
1.071819 
1.073064 
1.053115 
1.055914 
1.058601 
1.058680 
1.061480 
1.051053 
1.052900 
1.062365 
1.066517 
1.069574 
1.065397 
1.059981 
1.061867 
1.079693 
1.071277 
1.073486 
1.052036 
1.055412 
1.063179 
1.093503 
1.082536 
1.073540 
1.079280 
1.104973 
1.077367 
1.050991 
1.065801 
1.105910 
1.076794 
1.059098 
1.074750 
1.140504 
1.063104 
1.051399 
1.075446 
1.083633 
1.070561 
1.152264 
1.078696 
1.097102 
1.100948 
1.069740 
1.095130 
1.148984 
1.048784 
1.065388 
1.080869 
1.220778 
1.062535 
1.069055 
1.087700 
1.340852 
1.049825 
1.075768 
1.083038 
1.070662 
1.086978 
1.252890 
1.071716 
1.160142 
1.085787 
1.117768 
1.104468 
1.089522 
1.089906 
1.141309 
1.044360 
1.426560 
1.056746 
1.096016 
1.093800 
1.086173 
1.104083 
1.083640 
1.260744 
1.047531 
1.397403 
1.063359 
1.290478 
1.071765 
1.187999 
1.087855 
1.141715 
1.110735 
1.123980 
1.101675 
1.102208 
1.084482 
1.111983 
1.170484 
1.055146 
1.364594 
1.054076 
1.134176 
1.095203 
1.109106 
1.103095 
1.463999 
1.055043 
1.324076 
1.075886 
1.216761 
1.107187 
1.177820 
1.101852 
1.110685 
1.111462 
1.242897 
1.057953 
1.135895 
1.089954 
1.326133 
1.045417 
1.179407 
1.088391 
1.155508 
1.076317 
1.130157 
1.091116 
1.263195 
1.060944 
1.222513 
1.084505 
1.206124 
1.087334 
1.104707 
1.101180 
1.198780 
1.070898 
1.133657 
1.086122 
1.141272 
1.071886 
1.133883 
1.079094 
1.132615 
1.097377 
1.102968 
1.092501 
1.143504 
1.074825 
1.141063 
1.077867 
1.100786 
1.081858 
1.083134 
1.096628 
1.091590 
1.084964 
1.094187 
1.069156 
1.091934 
1.076255 
1.097209 
1.069678 
1.070486 
1.070267 
1.082718 
1.081224 
1.074528 
1.071429 
1.073333 
1.053115 
1.055914 
1.058601 
1.058680 
1.061480 
1.051053 
1.052900 
1.062365 
1.066517 
1.069574 
1.065397 
1.059981 
1.061867 
1.079693 
1.071277 
1.073486 
1.052036 
1.055412 
1.063179 
1.093503 
1.082536 
1.073540 
1.079280 
1.104973 
1.077367 
1.050991 
1.065801 
1.105910 
1.076794 
1.059098 
1.074750 
1.140504 
1.063104 
1.051399 
1.075446 
1.083633 
1.070561 
1.152264 
1.078696 
1.097102 
1.100948 
1.069740 
1.095130 
1.148984 
1.048784 
1.065388 
1.080869 
1.220778 
1.062535 
1.069055 
1.087700 
1.340852 
1.049825 
1.075768 
1.083038 
1.070662 
1.086978 
1.252890 
1.071716 
1.160142 
1.085787 
1.117768 
1.104468 
1.089522 
1.089906 
1.141309 
1.044360 
1.426560 
1.056746 
1.096016 
1.093800 
1.086173 
1.104083 
1.083640 
1.260744 
1.047531 
1.397403 
1.063359 
1.290478 
1.071765 
1.187999 
1.087855 
1.141715 
1.110735 
1.123980 
1.101675 
1.102208 
1.084482 
1.111983 
1.170484 
1.055146 
1.364594 
1.054076 
1.134176 
1.095203 
1.109106 
1.103095 
1.463999 
1.055043 
1.324076 
1.075886 
1.216761 
1.107187 
1.177820 
1.101852 
1.110685 
1.111462 
1.242897 
1.057953 
1.135895 
1.089954 
1.326133 
1.045417 
1.179407 
1.088391 
1.155508 
1.076317 
1.130157 
1.091116 
1.263195 
1.060944 
1.222513 
1.084505 
1.206124 
1.087334 
1.104707 
1.101180 
1.198780 
1.070898 
1.133657 
1.086122 
1.141272 
1.071886 
1.133883 
1.079094 
1.132615 
1.097377 
1.102968 
1.092501 
1.143504 
1.074825 
1.141063 
1.077867 
1.100786 
1.081858 
1.083134 
1.096628 
1.091590 
1.084964 
1.094187 
1.069156 
1.091934 
1.076255 
1.097209 
1.069678 
1.070486 
1.070267 
1.082718 
1.081224 
1.074528 
1.071429 
1.073333 
1.053115 
1.055914 
1.058601 
1.058680 
1.061480 
1.051053 
1.052900 
1.062365 
1.066517 
1.069574 
1.065397 
1.059981 
1.061867 
1.079693 
1.071277 
1.073486 
1.052036 
1.055412 
1.063179 
1.093503 
1.082536 
1.073540 
1.079280 
1.104973 
1.077367 
1.050991 
1.065801 
1.105910 
1.076794 
1.059098 
1.074750 
1.140504 
1.063104 
1.051399 
1.075446 
1.083633 
1.070561 
1.152264 
1.078696 
1.097102 
1.100948 
1.069740 
1.095130 
1.148984 
1.048784 
1.065388 
1.080869 
1.220778 
1.062535 
1.069055 
1.087700 
1.340852 
1.049825 
1.075768 
1.083038 
1.070662 
1.086978 
1.252890 
1.071716 
1.160142 
1.085787 
1.117768 
1.104468 
1.089522 
1.089906 
1.141309 
1.044360 
1.426560 
1.056746 
1.096016 
1.093800 
1.086173 
1.104083 
1.083640 
1.260744 
1.047531 
1.397403 
1.063359 
1.290478 
1.071765 
1.187999 
1.087855 
1.141715 
1.110735 
1.123980 
1.101675 
1.102208 
1.084482 
1.111983 
1.170484 
1.055146 
1.364594 
1.054076 
1.134176 
1.095203 
1.109106 
1.103095 
1.463999 
1.055043 
1.324076 
1.075886 
1.216761 
1.107187 
1.177820 
1.101852 
1.110685 
1.111462 
1.242897 
1.057953 
1.135895 
1.089954 
1.326133 
1.045417 
1.179407 
1.088391 
1.155508 
1.076317 
1.130157 
1.091116 
1.263195 
1.060944 
1.222513 
1.084505 
1.206124 
1.087334 
1.104707 
1.101180 
1.198780 
1.070898 
1.133657 
1.086122 
1.141272 
1.071886 
1.133883 
1.079094 
1.132615 
1.097377 
1.102968 
1.092501 
1.143504 
1.074825 
1.141063 
1.077867 
1.100786 
1.081858 
1.083134 
1.096628 
1.091590 
1.084964 
1.094187 
1.069156 
1.091934 
1.076255 
1.097209 
1.069678 
1.070486 
1.070267 
1.082718 
1.081224 
1.074528 
1.071429 
1.073333 
